Sources	BLS10_2.fastq	BLS10_7.fastq	BLS10_m1.fastq	BLS11_2.fastq	BLS11_7.fastq	BLS11_m1.fastq	BLS12_2.fastq	BLS12_7.fastq	BLS12_m1.fastq	BLS13_2.fastq	BLS13_7.fastq	BLS13_m1.fastq	BLS1_2.fastq	BLS1_7.fastq	BLS1_m1.fastq	BLS2_2.fastq	BLS2_7.fastq	BLS2_m1.fastq	BLS3_2.fastq	BLS3_7.fastq	BLS3_m1.fastq	BLS4_2.fastq	BLS4_7.fastq	BLS4_m1.fastq	BLS5_2.fastq	BLS5_7.fastq	BLS5_m1.fastq	BLS6_2.fastq	BLS6_7.fastq	BLS6_m1.fastq	BLS7_2.fastq	BLS7_7.fastq	BLS7_m1.fastq	BLS8_2.fastq	BLS8_7.fastq	BLS8_m1.fastq	BLS9_2.fastq	BLS9_7.fastq	BLS9_m1.fastq	BSN10_2.fastq	BSN10_7.fastq	BSN10_m1.fastq	BSN11_2.fastq	BSN11_7.fastq	BSN11_m1.fastq	BSN12_2.fastq	BSN12_7.fastq	BSN12_m1.fastq	BSN13_2.fastq	BSN13_7.fastq	BSN13_m1.fastq	BSN1_2.fastq	BSN1_7.fastq	BSN1_m1.fastq	BSN2_2.fastq	BSN2_7.fastq	BSN2_m1.fastq	BSN3_2.fastq	BSN3_7.fastq	BSN3_m1.fastq	BSN4_2.fastq	BSN4_7.fastq	BSN4_m1.fastq	BSN5_2.fastq	BSN5_7.fastq	BSN5_m1.fastq	BSN6_2.fastq	BSN6_7.fastq	BSN6_m1.fastq	BSN7_2.fastq	BSN7_7.fastq	BSN7_m1.fastq	BSN8_2.fastq	BSN8_7.fastq	BSN8_m1.fastq	BSN9_2.fastq	BSN9_7.fastq	BSN9_m1.fastq	INF1.fastq	INF10.fastq	INF2.fastq	INF3.fastq	INF4.fastq	INF5.fastq	INF6.fastq	INF7.fastq	INF8.fastq	INF9.fastq	X3_STUF.fastq	X4_STUF.fastq	X5_STRA.fastq	X6_STRA.fastq
BLS10_2.fastq	-0	0.18034111	0.1880311	0.15110798	0.19756284	0.18572615	0.16016784	0.24474649	0.19578771	0.18137197	0.2099802	0.17830677	0.20250739	0.16611497	0.1667475	0.1736803	0.19035746	0.16481963	0.19318917	0.23866807	0.19136925	0.21734518	0.18407439	0.16794068	0.19956264	0.1975186	0.21270233	0.20520969	0.19591655	0.16647562	0.1582476	0.19022146	0.20244306	0.15948763	0.1748889	0.16859515	0.1615222	0.16630514	0.19201195	0.16294199	0.1982835	0.2008617	0.15659241	0.1971578	0.18505932	0.20935027	0.17636572	0.15630706	0.18576439	0.19111465	0.15472358	0.19788748	0.17126058	0.167431	0.18694545	0.15166312	0.15597667	0.2047292	0.17564297	0.17459232	0.18641329	0.17989798	0.18497653	0.22382584	0.17562702	0.19806194	0.18060958	0.17491445	0.18845397	0.18891864	0.20035298	0.18900183	0.19305098	0.19584832	0.20620646	0.15750505	0.20387496	0.19046836	0.27145502	0.21355009	0.24391015	0.21416435	0.24248311	0.22671404	0.23067945	0.24569282	0.232228	0.21582545	0.19592571	0.20142798	0.20445007	0.2157714
BLS10_7.fastq	0.18034111	-0	0.21846278	0.196885	0.18259294	0.17992963	0.18802133	0.24936695	0.19209135	0.21419299	0.1855999	0.17415465	0.19411601	0.18049826	0.16455398	0.16795899	0.19238405	0.18660289	0.19722886	0.19090977	0.18186025	0.18749523	0.1594317	0.17048468	0.19740544	0.18977658	0.170853	0.18024683	0.18887779	0.17331351	0.18823873	0.22408141	0.13903227	0.17163758	0.16838245	0.17294168	0.17917655	0.15729494	0.17717385	0.17564608	0.1815737	0.1864294	0.162103	0.16702288	0.1949186	0.21524042	0.19778493	0.1762406	0.21251212	0.17956366	0.16458507	0.19525869	0.15700355	0.16699713	0.16319396	0.1700065	0.17576379	0.21380818	0.13862683	0.19676591	0.16964145	0.18714078	0.20221893	0.16635308	0.17689884	0.17797732	0.1765394	0.195426	0.1860129	0.16774006	0.17442542	0.19724274	0.16843465	0.17300758	0.18434177	0.16242218	0.19806685	0.19507602	0.23475407	0.21824963	0.25054318	0.25168625	0.20301682	0.20472427	0.20179427	0.18536235	0.24984074	0.24185318	0.20220071	0.20303345	0.2195832	0.23156887
BLS10_m1.fastq	0.1880311	0.21846278	-0	0.1928516	0.18341324	0.19717512	0.1799773	0.18099533	0.2142518	0.14995515	0.19938637	0.21212403	0.19125953	0.19911802	0.16441588	0.19204037	0.19792071	0.17032105	0.20338023	0.20947947	0.18017527	0.18213472	0.21835811	0.20396787	0.16373433	0.18851545	0.16389918	0.18356065	0.18921718	0.16497092	0.17128786	0.18731497	0.16463725	0.1800207	0.18160865	0.13686195	0.18823577	0.1881542	0.13978906	0.18715537	0.23077516	0.1602336	0.16197562	0.19726488	0.18365012	0.19460483	0.20389576	0.18696374	0.2070745	0.205402	0.17905676	0.2093111	0.18192083	0.13843514	0.2058598	0.16897956	0.14811993	0.2245035	0.15747397	0.19381034	0.20319383	0.17793778	0.17143317	0.17632675	0.19396242	0.21332979	0.1834754	0.22588623	0.19555998	0.20165612	0.19440039	0.20224021	0.18310279	0.20514527	0.17998135	0.19197914	0.20208852	0.19233707	0.31258163	0.2040793	0.2033503	0.24062243	0.22734198	0.19540346	0.20609258	0.2619642	0.2452855	0.22344379	0.18085502	0.19127575	0.24117419	0.27162033
BLS11_2.fastq	0.15110798	0.196885	0.1928516	-0	0.20459369	0.19760011	0.16301055	0.23335162	0.1942846	0.1805318	0.22899312	0.17488435	0.21730794	0.20030712	0.19351526	0.19223662	0.18462722	0.14547798	0.18580756	0.22382881	0.15408503	0.20050533	0.20945853	0.18133041	0.22175713	0.20344487	0.22115709	0.200819	0.1984448	0.16614315	0.18008682	0.20900139	0.22335485	0.17765191	0.17486379	0.16876754	0.16636619	0.16793579	0.20741133	0.18084563	0.2087715	0.201924	0.1883261	0.18809374	0.18369138	0.2059194	0.18309999	0.15980794	0.17925732	0.192371	0.18564525	0.20019326	0.16641603	0.17837574	0.1973179	0.17012295	0.16791435	0.18973155	0.17478923	0.18597466	0.18656768	0.17684217	0.18364158	0.19252016	0.18055685	0.1914391	0.18211329	0.19603878	0.18348445	0.1938646	0.20078313	0.19828843	0.18836592	0.17282066	0.18465656	0.1723771	0.19704288	0.18548737	0.24785005	0.20820357	0.24816884	0.23848024	0.22958691	0.22821084	0.22989035	0.24869585	0.22814621	0.25355655	0.1959107	0.19982018	0.21006797	0.23186241
BLS11_7.fastq	0.19756284	0.18259294	0.18341324	0.20459369	-0	0.21200782	0.21329406	0.16855584	0.21200919	0.18380749	0.16273807	0.19160403	0.17662911	0.20753774	0.18568552	0.2078427	0.17771073	0.21236534	0.19645911	0.16734649	0.18825841	0.17202738	0.19872667	0.2167568	0.1694956	0.19444372	0.16177471	0.16714633	0.20672074	0.17367488	0.18780054	0.18658575	0.18416038	0.18712208	0.23207666	0.15081836	0.1838275	0.16795236	0.1594543	0.16251968	0.22468507	0.16667365	0.17082818	0.20016378	0.18952979	0.1787047	0.19380371	0.18806861	0.2056997	0.19970568	0.17214148	0.2190322	0.20110932	0.16605358	0.17236468	0.18203908	0.18446405	0.19864725	0.19181596	0.18854524	0.17460327	0.17180789	0.20081317	0.17282148	0.20871134	0.18421069	0.17790708	0.19582257	0.19513856	0.19691119	0.20934711	0.2076215	0.18561348	0.16949944	0.19756679	0.19557975	0.18897597	0.18626857	0.22250994	0.21644334	0.22196496	0.26412004	0.23813717	0.19721021	0.19237435	0.24288851	0.23186623	0.24126595	0.24198863	0.25196248	0.23201019	0.25853533
BLS11_m1.fastq	0.18572615	0.17992963	0.19717512	0.19760011	0.21200782	-0	0.20644177	0.23845685	0.17302556	0.20812194	0.21132998	0.18114598	0.18067588	0.18729267	0.17877328	0.17392312	0.16642252	0.19249281	0.19316126	0.2143838	0.20574148	0.21678466	0.19707783	0.190748	0.18248855	0.18485259	0.21672024	0.1903102	0.19157381	0.17870787	0.19453734	0.19010793	0.20554264	0.18599024	0.19516946	0.19687684	0.19289517	0.17796326	0.19558759	0.18761437	0.19797038	0.21620087	0.16749027	0.20190492	0.1995673	0.22937796	0.17749865	0.19073454	0.20741491	0.17721502	0.17813791	0.17659919	0.18474147	0.18518378	0.20136824	0.18280444	0.19229202	0.17718223	0.18920298	0.17726208	0.1727732	0.18397053	0.15592904	0.17786287	0.16584837	0.17336364	0.17236748	0.18096444	0.17767386	0.18648651	0.13460746	0.18621184	0.20830314	0.1651421	0.18487385	0.19088982	0.1851191	0.18159798	0.26299238	0.21634033	0.2534	0.22105241	0.23531505	0.2531752	0.23751625	0.21487747	0.25574666	0.2009882	0.1926181	0.2062403	0.21993153	0.23013759
BLS12_2.fastq	0.16016784	0.18802133	0.1799773	0.16301055	0.21329406	0.20644177	-0	0.21014692	0.2008855	0.16702119	0.21593304	0.19984181	0.19579642	0.18601932	0.17684034	0.1592788	0.22351238	0.16118792	0.19621062	0.19787022	0.15780464	0.18145156	0.18260643	0.169236	0.20355819	0.18026014	0.19257641	0.19653925	0.19324394	0.16534685	0.18592699	0.18976386	0.1827513	0.1871525	0.17584422	0.16278525	0.16958798	0.18100633	0.1922842	0.17879553	0.19369198	0.18133809	0.15532604	0.19075687	0.18975216	0.19920737	0.18051915	0.16202039	0.1682232	0.19284895	0.16471222	0.1846592	0.17389539	0.15993743	0.20754074	0.15532582	0.16051525	0.17299718	0.16368254	0.17300758	0.18479359	0.1906623	0.19967431	0.2138743	0.16491787	0.19999601	0.19722192	0.17986485	0.18191005	0.19581966	0.19331223	0.17724927	0.19243297	0.18961014	0.19129017	0.17005321	0.21061087	0.1735652	0.23996371	0.21609081	0.24165797	0.23291793	0.23659793	0.19454691	0.19559912	0.22695655	0.2313292	0.23432867	0.1804627	0.18663345	0.21036598	0.23071747
BLS12_7.fastq	0.24474649	0.24936695	0.18099533	0.23335162	0.16855584	0.23845685	0.21014692	-0	0.21309537	0.17473747	0.14971411	0.22662532	0.16613276	0.20439745	0.17538752	0.2003286	0.20246245	0.217793	0.25289822	0.19322899	0.21632777	0.1892138	0.20115437	0.21652617	0.2220567	0.2225204	0.1540503	0.17830172	0.17592597	0.18033957	0.22101244	0.15999399	0.17413096	0.21451709	0.22749147	0.18995532	0.20313542	0.19820471	0.16936773	0.18102126	0.2282756	0.14480117	0.2042871	0.19560367	0.18000776	0.15219082	0.22652932	0.2594912	0.21686277	0.22049469	0.19237882	0.21513435	0.22174598	0.18926185	0.23153363	0.22315049	0.19974926	0.20510703	0.20855126	0.19850342	0.19660683	0.17572665	0.19993934	0.19365354	0.20456807	0.20441751	0.19269374	0.22896986	0.22449541	0.2110836	0.22190423	0.21302374	0.195313	0.22258419	0.19136527	0.23684175	0.20824079	0.20127268	0.2826333	0.19180423	0.17543748	0.24207576	0.24909683	0.20509872	0.25890076	0.22886199	0.22275619	0.24715632	0.2518158	0.27947322	0.2848758	0.3402097
BLS12_m1.fastq	0.19578771	0.19209135	0.2142518	0.1942846	0.21200919	0.17302556	0.2008855	0.21309537	-0	0.1928732	0.23350906	0.18496023	0.19351758	0.1791538	0.1926418	0.1680642	0.18183443	0.1889116	0.18335654	0.22731437	0.19099578	0.1895356	0.20578502	0.18745776	0.18310279	0.20362055	0.21143568	0.19178115	0.19472459	0.19998088	0.19122712	0.21367057	0.21759075	0.19910744	0.19115055	0.19305022	0.18224886	0.19087699	0.20710453	0.19799659	0.17360698	0.23759057	0.20199785	0.18887243	0.19354	0.21249609	0.17450598	0.20308647	0.2004631	0.16804618	0.22257942	0.19176029	0.19001627	0.19331338	0.19325773	0.19783883	0.18368141	0.17508022	0.19541083	0.17095934	0.17838201	0.1851477	0.17784148	0.1979553	0.16745315	0.1509606	0.16721734	0.19361629	0.1846595	0.17196229	0.17629099	0.17475018	0.19193201	0.14831421	0.16767877	0.19243446	0.17814222	0.16443308	0.30029392	0.21413355	0.19790962	0.2263071	0.2268737	0.19628932	0.23343559	0.21017738	0.22087657	0.22129232	0.20830925	0.20803142	0.20853524	0.25687256
BLS13_2.fastq	0.18137197	0.21419299	0.14995515	0.1805318	0.18380749	0.20812194	0.16702119	0.17473747	0.1928732	-0	0.19957384	0.20174183	0.1714009	0.19373982	0.17268027	0.19353189	0.18301344	0.15377614	0.21419372	0.19047715	0.17760475	0.15872686	0.19948764	0.18144226	0.17827982	0.1720258	0.15871914	0.19793667	0.16533704	0.16352244	0.17841268	0.16151349	0.16838616	0.17021698	0.17681526	0.15667316	0.1705147	0.19234079	0.17997146	0.16236585	0.19626404	0.16548158	0.16364332	0.1960438	0.18089597	0.17534861	0.19894736	0.16401407	0.19665793	0.21725781	0.17135239	0.19936088	0.18298362	0.17505997	0.17567557	0.15337797	0.17588887	0.1745801	0.13866171	0.18946669	0.19000241	0.18674129	0.17235507	0.18445355	0.18914118	0.18360294	0.18924865	0.24327916	0.19609234	0.19305708	0.21283093	0.19907159	0.17185533	0.18360834	0.1683874	0.20261131	0.20509318	0.18758062	0.2939302	0.20207945	0.18951239	0.24475786	0.21694747	0.18589069	0.18603003	0.24054414	0.22017294	0.22009522	0.199404	0.21742791	0.27937323	0.29001406
BLS13_7.fastq	0.2099802	0.1855999	0.19938637	0.22899312	0.16273807	0.21132998	0.21593304	0.14971411	0.23350906	0.19957384	-0	0.22007845	0.21146874	0.19497597	0.20188387	0.21621104	0.19242735	0.2462123	0.2216829	0.19045149	0.21181825	0.19597282	0.19576159	0.21210544	0.20581445	0.2037085	0.1980949	0.19226152	0.18752314	0.20274334	0.19151965	0.18800342	0.19597866	0.19393891	0.211642	0.18007614	0.21839744	0.19973238	0.16449676	0.19457367	0.228751	0.14673164	0.20916812	0.21249051	0.18964474	0.18917866	0.23386957	0.21019359	0.2301087	0.20647009	0.21461444	0.21828714	0.20766465	0.1644212	0.201587	0.22181012	0.20576862	0.2260641	0.19364578	0.19962753	0.19641806	0.21751818	0.22044381	0.1871468	0.20995572	0.23879547	0.19481823	0.23677951	0.2214502	0.18869261	0.2271888	0.21520782	0.1891132	0.24038811	0.19260682	0.2158703	0.20138057	0.22310978	0.24170624	0.23230264	0.20431574	0.2608489	0.25917238	0.21632384	0.22471459	0.23399833	0.21267429	0.23907086	0.28363678	0.26176116	0.23164454	0.24671811
BLS13_m1.fastq	0.17830677	0.17415465	0.21212403	0.17488435	0.19160403	0.18114598	0.19984181	0.22662532	0.18496023	0.20174183	0.22007845	-0	0.18993734	0.18439819	0.18786597	0.17361593	0.17179038	0.17125015	0.18685263	0.20157906	0.1892561	0.23285627	0.18600309	0.19227676	0.18524767	0.1766097	0.2022813	0.19290844	0.20369576	0.19452617	0.17029026	0.23826094	0.20010397	0.17380504	0.1776064	0.18882129	0.16669814	0.16420566	0.1800423	0.176111	0.18555006	0.22060743	0.1779592	0.17990583	0.17666686	0.20701447	0.1637397	0.16760741	0.19005373	0.18372044	0.17073844	0.1722448	0.17971578	0.2024191	0.17966023	0.19104406	0.18027063	0.17458846	0.18044287	0.1746533	0.16205172	0.1623228	0.18180703	0.18932863	0.17697406	0.17391303	0.18116598	0.17545158	0.14268185	0.17941648	0.19607936	0.17926303	0.19304755	0.16086477	0.18063106	0.16459905	0.15471204	0.1821768	0.2881117	0.21988592	0.23328911	0.24619049	0.21872382	0.22595811	0.22307687	0.24329184	0.2599952	0.22620243	0.22168754	0.20842634	0.2176954	0.24728116
BLS1_2.fastq	0.20250739	0.19411601	0.19125953	0.21730794	0.17662911	0.18067588	0.19579642	0.16613276	0.19351758	0.1714009	0.21146874	0.18993734	-0	0.17479852	0.17176011	0.15839395	0.18285157	0.19275257	0.2046581	0.22314371	0.17146079	0.1775252	0.16088226	0.18632044	0.19232589	0.16997546	0.17623065	0.17979918	0.16372363	0.17951311	0.20699567	0.16081168	0.16771044	0.18738772	0.20462534	0.18629141	0.19790122	0.193755	0.203592	0.17795968	0.18456396	0.17231348	0.18461375	0.1650177	0.17475428	0.19089979	0.18426688	0.20292972	0.21830133	0.1995911	0.17290096	0.19534163	0.17902105	0.18133464	0.17538443	0.19462202	0.19209875	0.16616508	0.18161799	0.17404437	0.17063852	0.13589174	0.17526548	0.17300534	0.17716525	0.17881705	0.17790873	0.18255334	0.18676102	0.19367605	0.17612202	0.21801968	0.17464042	0.18460496	0.1571549	0.19141194	0.16410647	0.16490915	0.29674083	0.19565155	0.19160767	0.24731193	0.2695919	0.23507684	0.24228932	0.26819322	0.23851304	0.22762826	0.20511146	0.22620882	0.24275638	0.25765502
BLS1_7.fastq	0.16611497	0.18049826	0.19911802	0.20030712	0.20753774	0.18729267	0.18601932	0.20439745	0.1791538	0.19373982	0.19497597	0.18439819	0.17479852	-0	0.17519785	0.16015978	0.16163044	0.1799271	0.17240234	0.17587592	0.17616886	0.15380764	0.16344808	0.17347576	0.15381661	0.17529923	0.19722496	0.17891607	0.18077612	0.1836743	0.17547339	0.197938	0.19535471	0.17877793	0.16769174	0.16648479	0.18032135	0.18232764	0.1935694	0.17069015	0.17770955	0.19680999	0.17857158	0.17277259	0.19296804	0.18713951	0.18637984	0.18230636	0.19651507	0.15616389	0.1685022	0.17695235	0.18881595	0.18426022	0.16596033	0.19475912	0.16971011	0.17821972	0.16766597	0.16914497	0.15623364	0.1765784	0.1795091	0.16042794	0.16695601	0.16773365	0.16240853	0.18363732	0.19076149	0.17723249	0.18461639	0.17918572	0.19067681	0.18099873	0.16882001	0.15932648	0.19607686	0.18691176	0.24530092	0.20469965	0.2283382	0.22988915	0.2289037	0.21184897	0.20774092	0.218472	0.21562517	0.23778701	0.1889364	0.18838042	0.2099931	0.19764051
BLS1_m1.fastq	0.1667475	0.16455398	0.16441588	0.19351526	0.18568552	0.17877328	0.17684034	0.17538752	0.1926418	0.17268027	0.20188387	0.18786597	0.17176011	0.17519785	-0	0.1592973	0.20239058	0.1606486	0.20239568	0.19722496	0.17079462	0.1861454	0.18339743	0.16341156	0.1967518	0.18114598	0.16672634	0.17644472	0.17764035	0.17358889	0.16428897	0.1647343	0.16322616	0.14432561	0.20395985	0.16711861	0.14145064	0.16849919	0.16432181	0.13419044	0.18846288	0.17054722	0.13804281	0.19016603	0.17671013	0.17367321	0.1949073	0.1532603	0.18225895	0.1950035	0.14334404	0.18161024	0.17816211	0.1737045	0.17167498	0.16729467	0.18174103	0.18211275	0.17386916	0.17291746	0.16899902	0.16454315	0.17632493	0.19587825	0.16467898	0.16687949	0.17182933	0.20485538	0.17080434	0.18556213	0.17756708	0.18069741	0.18154812	0.17368802	0.18655305	0.1407376	0.17387252	0.18054135	0.24923815	0.19066654	0.19212909	0.24634747	0.21283375	0.22681822	0.21531412	0.235291	0.2345103	0.22480738	0.20708686	0.20614633	0.23959811	0.23551656
BLS2_2.fastq	0.1736803	0.16795899	0.19204037	0.19223662	0.2078427	0.17392312	0.1592788	0.2003286	0.1680642	0.19353189	0.21621104	0.17361593	0.15839395	0.16015978	0.1592973	-0	0.1893198	0.16449583	0.17830364	0.20089425	0.17247736	0.17370889	0.15689328	0.1637478	0.17905898	0.15091106	0.21117577	0.17064875	0.1749767	0.1760939	0.17096509	0.18037371	0.16875662	0.17438638	0.18647844	0.18646726	0.16774318	0.17344925	0.19541247	0.16576794	0.1777034	0.19234005	0.15468793	0.17025687	0.18607968	0.18971677	0.16401885	0.16221978	0.17610155	0.16676463	0.16832328	0.17317753	0.1843104	0.1827668	0.17656176	0.16483593	0.17226954	0.17028087	0.15886214	0.1495134	0.17207138	0.15362976	0.17529923	0.18966599	0.12371485	0.16500545	0.17852233	0.15586568	0.1671402	0.19412075	0.16658527	0.16203982	0.17485383	0.16139653	0.1750811	0.16942795	0.15921564	0.15853369	0.24680892	0.20701154	0.23972113	0.21555765	0.20535061	0.20641811	0.2248135	0.18670468	0.23277771	0.22834504	0.18477356	0.1818737	0.2119653	0.21247032
BLS2_7.fastq	0.19035746	0.19238405	0.19792071	0.18462722	0.17771073	0.16642252	0.22351238	0.20246245	0.18183443	0.18301344	0.19242735	0.17179038	0.18285157	0.16163044	0.20239058	0.1893198	-0	0.21814981	0.18821807	0.17076433	0.20240891	0.20020324	0.20147942	0.1909226	0.12600754	0.1916996	0.19905506	0.18066137	0.21356522	0.20693639	0.1762424	0.1837116	0.21789913	0.18563859	0.18635507	0.19470574	0.18387415	0.18710022	0.18595509	0.1753673	0.19109027	0.22507295	0.18107294	0.17493938	0.1802778	0.21488422	0.17812881	0.19853096	0.21472327	0.17580967	0.19608396	0.18529314	0.1785107	0.17614633	0.16318119	0.19188128	0.18414305	0.1823383	0.18021435	0.18415113	0.15212104	0.19013366	0.1844833	0.18545456	0.16755378	0.1694581	0.14128403	0.19663152	0.17240073	0.16071911	0.18118705	0.17903434	0.19008742	0.17591813	0.16003035	0.1895773	0.17743953	0.17894332	0.29206857	0.21335411	0.26564535	0.2506386	0.24726066	0.20802413	0.226163	0.2164221	0.21402375	0.23907405	0.20786743	0.22448732	0.2271998	0.2620938
BLS2_m1.fastq	0.16481963	0.18660289	0.17032105	0.14547798	0.21236534	0.19249281	0.16118792	0.217793	0.1889116	0.15377614	0.2462123	0.17125015	0.19275257	0.1799271	0.1606486	0.16449583	0.21814981	-0	0.19704159	0.21542764	0.18052432	0.1938947	0.19764008	0.18080474	0.19211836	0.17737886	0.20210569	0.19875985	0.19343035	0.1590495	0.17121072	0.19892083	0.19054508	0.1579574	0.1886853	0.16770317	0.15198119	0.16004534	0.19688843	0.15573305	0.19277975	0.19139132	0.15413089	0.18719535	0.18846256	0.1691533	0.1794342	0.14526038	0.1904775	0.18592669	0.15921365	0.20488343	0.1741282	0.16785534	0.18728438	0.15296556	0.16919826	0.16300847	0.16355969	0.17908537	0.18663314	0.17858033	0.19551677	0.20014146	0.17081407	0.1784441	0.21083777	0.17784007	0.1683118	0.20532382	0.18541819	0.19306889	0.20216782	0.16968432	0.21972853	0.15855399	0.16427994	0.16709192	0.24704011	0.22572717	0.2346763	0.2569057	0.24641727	0.24227703	0.23359479	0.26243973	0.23611139	0.23557356	0.20900889	0.20960917	0.23428616	0.2365832
BLS3_2.fastq	0.19318917	0.19722886	0.20338023	0.18580756	0.19645911	0.19316126	0.19621062	0.25289822	0.18335654	0.21419372	0.2216829	0.18685263	0.2046581	0.17240234	0.20239568	0.17830364	0.18821807	0.19704159	-0	0.19432579	0.18981136	0.19422725	0.20066805	0.18737079	0.18197505	0.19679244	0.23794472	0.21588811	0.21204972	0.2001961	0.19246998	0.2330812	0.2271207	0.1985748	0.18292879	0.18712652	0.1903883	0.2036523	0.23948199	0.19681256	0.20055339	0.23136048	0.19921106	0.17717083	0.1982387	0.23564352	0.16691409	0.18907143	0.17566249	0.13368309	0.18839195	0.1871487	0.20524694	0.18916143	0.2112548	0.1960961	0.1924857	0.1884411	0.1856141	0.18865505	0.16260505	0.1761984	0.21316075	0.19143404	0.17607391	0.19168608	0.18546268	0.17295718	0.19013679	0.19032244	0.17421079	0.19746175	0.20569688	0.17930773	0.19110532	0.20553085	0.20052166	0.18047944	0.2621393	0.2157606	0.28303468	0.23268892	0.23220485	0.2417632	0.24000624	0.24220163	0.2694081	0.24537428	0.17934701	0.19770429	0.20777461	0.20275569
BLS3_7.fastq	0.23866807	0.19090977	0.20947947	0.22382881	0.16734649	0.2143838	0.19787022	0.19322899	0.22731437	0.19047715	0.19045149	0.20157906	0.22314371	0.17587592	0.19722496	0.20089425	0.17076433	0.21542764	0.19432579	-0	0.20435089	0.1697518	0.1947772	0.19476435	0.15726843	0.21530423	0.18026268	0.135298	0.19085102	0.20175032	0.1920341	0.19791317	0.20753774	0.20837724	0.22597715	0.19054368	0.19381307	0.20079815	0.21667102	0.17521316	0.1808884	0.20603438	0.18021742	0.18875688	0.21129304	0.18853432	0.21634425	0.20061645	0.21275638	0.19804059	0.1955069	0.1892209	0.24579841	0.1885128	0.17428805	0.20042284	0.2172118	0.18764366	0.1837367	0.18876389	0.16735145	0.18760279	0.19577734	0.19603461	0.19828215	0.1874805	0.19355316	0.18750101	0.20086122	0.18069275	0.19342187	0.19025776	0.20783846	0.18160331	0.17809673	0.19924937	0.22546764	0.18585716	0.34068868	0.20258722	0.21655303	0.23442349	0.22926167	0.22218354	0.18714426	0.22035208	0.20568955	0.25499043	0.24390276	0.22639172	0.26294568	0.27330807
BLS3_m1.fastq	0.19136925	0.18186025	0.18017527	0.15408503	0.18825841	0.20574148	0.15780464	0.21632777	0.19099578	0.17760475	0.21181825	0.1892561	0.17146079	0.17616886	0.17079462	0.17247736	0.20240891	0.18052432	0.18981136	0.20435089	-0	0.1830958	0.192458	0.17917854	0.18705593	0.18624513	0.18639687	0.17430294	0.18919116	0.1758585	0.19125918	0.20333563	0.18315259	0.17911722	0.17110239	0.1652492	0.16949981	0.16624092	0.17908365	0.171266	0.19589074	0.18737973	0.1710922	0.18649924	0.18947692	0.20763049	0.18475589	0.16225934	0.18274438	0.18821873	0.177399	0.2072191	0.17112511	0.17163798	0.17636323	0.18443139	0.18357939	0.20593986	0.16580658	0.19608606	0.18319574	0.17653325	0.18534556	0.189851	0.18810453	0.19512637	0.20071878	0.18306646	0.19145687	0.19032873	0.19911663	0.19088198	0.18534406	0.17582704	0.18226656	0.17071143	0.18748754	0.17617561	0.2409308	0.22746927	0.21935908	0.2642586	0.23054375	0.20194608	0.1954297	0.2262654	0.2567981	0.24683924	0.19928034	0.19773114	0.22968656	0.26514906
BLS4_2.fastq	0.21734518	0.18749523	0.18213472	0.20050533	0.17202738	0.21678466	0.18145156	0.1892138	0.1895356	0.15872686	0.19597282	0.23285627	0.1775252	0.15380764	0.1861454	0.17370889	0.20020324	0.1938947	0.19422725	0.1697518	0.1830958	-0	0.18222329	0.19048066	0.1734116	0.16012682	0.17284971	0.14349647	0.17496933	0.19438688	0.17101054	0.18893372	0.18813328	0.18079485	0.19784589	0.179209	0.18018472	0.20708098	0.19104442	0.15824321	0.16789414	0.17337976	0.17852014	0.21356954	0.18919149	0.17390925	0.18368967	0.1875909	0.22936618	0.2136908	0.18313104	0.17370576	0.22060743	0.18196452	0.16896804	0.19111681	0.200538	0.20986697	0.18395443	0.17284422	0.1779952	0.1960438	0.18095765	0.14102283	0.21420033	0.1463537	0.17879064	0.18480538	0.21780285	0.19851741	0.18696879	0.17207833	0.16865803	0.17181064	0.16951868	0.17972435	0.19998278	0.16227585	0.24870656	0.21247171	0.20395237	0.25875407	0.2272328	0.18750806	0.19544283	0.20529817	0.20545572	0.22200799	0.20354183	0.22855885	0.3177046	0.3386045
BLS4_7.fastq	0.18407439	0.1594317	0.21835811	0.20945853	0.19872667	0.19707783	0.18260643	0.20115437	0.20578502	0.19948764	0.19576159	0.18600309	0.16088226	0.16344808	0.18339743	0.15689328	0.20147942	0.19764008	0.20066805	0.1947772	0.192458	0.18222329	-0	0.17484519	0.21008931	0.15332024	0.18925914	0.17522825	0.16526091	0.20170543	0.17926651	0.1868803	0.19999318	0.18489543	0.18901762	0.17878428	0.18876989	0.19557275	0.20797443	0.16889052	0.17546459	0.20235343	0.16866891	0.18000394	0.18275931	0.18604627	0.17855702	0.1960438	0.20309792	0.18699907	0.19336604	0.17780472	0.19095042	0.1764086	0.17325789	0.19919677	0.18086545	0.17501538	0.16444996	0.17904764	0.16032657	0.16434924	0.18818694	0.1880709	0.17143005	0.16110538	0.19436307	0.19645657	0.18829651	0.20468542	0.17088911	0.18538755	0.16954818	0.16089192	0.16997322	0.17069964	0.18097648	0.17492594	0.26528496	0.21217091	0.22679323	0.23402278	0.20224021	0.21368286	0.21896058	0.1898241	0.22256322	0.24609943	0.21612668	0.20081657	0.23646863	0.23314595
BLS4_m1.fastq	0.16794068	0.17048468	0.20396787	0.18133041	0.2167568	0.190748	0.169236	0.21652617	0.18745776	0.18144226	0.21210544	0.19227676	0.18632044	0.17347576	0.16341156	0.1637478	0.1909226	0.18080474	0.18737079	0.19476435	0.17917854	0.19048066	0.17484519	-0	0.18666156	0.1958043	0.20572284	0.18807317	0.20303448	0.18223444	0.17198008	0.1625154	0.18692026	0.17361572	0.19737232	0.18318957	0.16091195	0.18402399	0.1897556	0.17257433	0.20684855	0.19953188	0.15737097	0.19308071	0.17089178	0.18592425	0.1935284	0.17793754	0.1819494	0.19591655	0.186158	0.20889963	0.17656243	0.17038214	0.19583087	0.19409004	0.17650819	0.19118503	0.159142	0.17277522	0.16941115	0.18994252	0.19238517	0.2008059	0.18266375	0.18082948	0.18482189	0.19859877	0.18637642	0.18988895	0.17884766	0.21622902	0.17957093	0.17812881	0.17419638	0.17095992	0.18941085	0.18910411	0.28602087	0.20749715	0.24926648	0.21090004	0.20904143	0.20488784	0.21232581	0.20517024	0.23001613	0.24754056	0.18487445	0.17564873	0.2251152	0.25832093
BLS5_2.fastq	0.19956264	0.19740544	0.16373433	0.22175713	0.1694956	0.18248855	0.20355819	0.2220567	0.18310279	0.17827982	0.20581445	0.18524767	0.19232589	0.15381661	0.1967518	0.17905898	0.12600754	0.19211836	0.18197505	0.15726843	0.18705593	0.1734116	0.21008931	0.18666156	-0	0.1779154	0.201315	0.17916591	0.20145418	0.20732339	0.18110523	0.19543625	0.21679899	0.18868263	0.19143367	0.19587243	0.18738517	0.18411851	0.17183249	0.17756519	0.16945243	0.21210888	0.17938782	0.19765325	0.1975348	0.20947565	0.19190663	0.18410726	0.20679304	0.18423067	0.19131471	0.19105087	0.18608122	0.16699882	0.16641803	0.19266136	0.17456937	0.20336606	0.18747216	0.1844868	0.15834686	0.19925722	0.1978596	0.17190778	0.17220315	0.17301656	0.15408435	0.20552075	0.17145261	0.17086102	0.18223035	0.17380944	0.18302765	0.17215857	0.15683898	0.18922666	0.17847364	0.18544434	0.24726681	0.22207265	0.2596413	0.2497233	0.21851481	0.21598037	0.19869487	0.22670646	0.23384252	0.22200799	0.18981756	0.2097164	0.23519361	0.2677376
BLS5_7.fastq	0.1975186	0.18977658	0.18851545	0.20344487	0.19444372	0.18485259	0.18026014	0.2225204	0.20362055	0.1720258	0.2037085	0.1766097	0.16997546	0.17529923	0.18114598	0.15091106	0.1916996	0.17737886	0.19679244	0.21530423	0.18624513	0.16012682	0.15332024	0.1958043	0.1779154	-0	0.18267176	0.18317051	0.1696104	0.19542436	0.18623526	0.20424445	0.17380461	0.17461571	0.19949137	0.18610914	0.18572856	0.17449036	0.18613586	0.17654738	0.17870323	0.17129755	0.16371217	0.19001143	0.17998034	0.19036621	0.18805034	0.18766814	0.2093452	0.1985834	0.18171318	0.1852387	0.20850444	0.1814083	0.17045033	0.18026371	0.20751445	0.17851917	0.17675072	0.16457203	0.18670812	0.15396564	0.17511728	0.1735943	0.17651434	0.16974607	0.20822309	0.18061061	0.17816788	0.19815333	0.17420718	0.19452617	0.18563557	0.19164047	0.16722058	0.18175149	0.17177485	0.1659405	0.23417947	0.22682256	0.22789575	0.25534394	0.23830591	0.20684563	0.19832386	0.24129829	0.26113123	0.27244198	0.20295873	0.21280137	0.23962398	0.26696202
BLS5_m1.fastq	0.21270233	0.170853	0.16389918	0.22115709	0.16177471	0.21672024	0.19257641	0.1540503	0.21143568	0.15871914	0.1980949	0.2022813	0.17623065	0.19722496	0.16672634	0.21117577	0.19905506	0.20210569	0.23794472	0.18026268	0.18639687	0.17284971	0.18925914	0.20572284	0.201315	0.18267176	-0	0.16308106	0.17648634	0.17356457	0.22496195	0.17059322	0.16831675	0.18246332	0.21204491	0.1824017	0.19341762	0.18233284	0.18369195	0.15786164	0.1944652	0.15402725	0.18242879	0.21130647	0.19387007	0.1665876	0.20218451	0.2107571	0.23740436	0.21371613	0.18004332	0.20781134	0.186369	0.18364158	0.19255652	0.17021398	0.22370128	0.20977013	0.17677781	0.18797347	0.20760293	0.19281036	0.17835161	0.15823574	0.20699802	0.19916773	0.1806777	0.20579973	0.19354387	0.18375295	0.19806996	0.20142007	0.18522944	0.1936128	0.18347739	0.19126818	0.18691145	0.2086247	0.25903037	0.20034772	0.18399207	0.25260422	0.22241688	0.22685845	0.20462097	0.22191638	0.23456693	0.23317373	0.22754923	0.23122312	0.26438382	0.3103468
BLS6_2.fastq	0.20520969	0.18024683	0.18356065	0.200819	0.16714633	0.1903102	0.19653925	0.17830172	0.19178115	0.19793667	0.19226152	0.19290844	0.17979918	0.17891607	0.17644472	0.17064875	0.18066137	0.19875985	0.21588811	0.135298	0.17430294	0.14349647	0.17522825	0.18807317	0.17916591	0.18317051	0.16308106	-0	0.18333231	0.18175015	0.17384672	0.18955678	0.18909973	0.18577076	0.2069399	0.17207456	0.1784006	0.17629823	0.18433829	0.162572	0.16810186	0.19884184	0.1651215	0.19315858	0.17083849	0.17734332	0.18512774	0.18285434	0.20172887	0.2044186	0.17918696	0.1867974	0.19160111	0.18822955	0.18555489	0.1795852	0.20209256	0.18574709	0.18305528	0.16533238	0.17503843	0.17953987	0.17812163	0.16007303	0.1935172	0.17134948	0.17418937	0.18692026	0.1897178	0.16420425	0.17138925	0.1708893	0.1867269	0.17188844	0.1786343	0.1805695	0.18420549	0.15997249	0.30401242	0.21355586	0.22295804	0.2377809	0.24116401	0.22512963	0.19605885	0.2243642	0.21382633	0.24973878	0.21038164	0.20402408	0.24059075	0.24976313
BLS6_7.fastq	0.19591655	0.18887779	0.18921718	0.1984448	0.20672074	0.19157381	0.19324394	0.17592597	0.19472459	0.16533704	0.18752314	0.20369576	0.16372363	0.18077612	0.17764035	0.1749767	0.21356522	0.19343035	0.21204972	0.19085102	0.18919116	0.17496933	0.16526091	0.20303448	0.20145418	0.1696104	0.17648634	0.18333231	-0	0.17206386	0.1923393	0.17468686	0.18912466	0.17443353	0.19873075	0.18551509	0.1768903	0.1796311	0.20492361	0.16595377	0.18403378	0.1902075	0.1777988	0.18466066	0.18339686	0.17478146	0.1831414	0.17580587	0.20688659	0.22002031	0.19557193	0.1909615	0.193944	0.2032602	0.17787236	0.21236396	0.22082148	0.18400817	0.18949567	0.15923864	0.17947961	0.17135122	0.18414247	0.16440792	0.18353316	0.1693856	0.19086774	0.16900118	0.19118288	0.20951693	0.19003396	0.188021	0.17330588	0.19784679	0.155993	0.17788948	0.19941886	0.18649055	0.26518118	0.19182256	0.1740507	0.2261481	0.23332101	0.22634885	0.22332947	0.23261207	0.22793736	0.22588305	0.20601328	0.21516311	0.2919455	0.25979507
BLS6_m1.fastq	0.16647562	0.17331351	0.16497092	0.16614315	0.17367488	0.17870787	0.16534685	0.18033957	0.19998088	0.16352244	0.20274334	0.19452617	0.17951311	0.1836743	0.17358889	0.1760939	0.20693639	0.1590495	0.2001961	0.20175032	0.1758585	0.19438688	0.20170543	0.18223444	0.20732339	0.19542436	0.17356457	0.18175015	0.17206386	-0	0.17348592	0.18136615	0.1937297	0.16202241	0.17143005	0.15575832	0.15475568	0.14054094	0.19200827	0.16986528	0.20687781	0.17760523	0.1597821	0.1870316	0.17383918	0.18967661	0.19505493	0.15480553	0.19186255	0.19539239	0.16548854	0.2112146	0.15292244	0.14681327	0.20195563	0.13853793	0.15410541	0.18711194	0.16142	0.18217951	0.19862503	0.17107661	0.19466205	0.17896716	0.1835221	0.2035392	0.17881289	0.18890423	0.18368398	0.19667199	0.19193201	0.20809396	0.20210013	0.19680142	0.17973089	0.15972294	0.19600578	0.17798185	0.28502747	0.21016766	0.20627648	0.22746484	0.20491536	0.21945147	0.2446424	0.23788032	0.23505999	0.24180298	0.19478445	0.19734836	0.21244247	0.25039378
BLS7_2.fastq	0.1582476	0.18823873	0.17128786	0.18008682	0.18780054	0.19453734	0.18592699	0.22101244	0.19122712	0.17841268	0.19151965	0.17029026	0.20699567	0.17547339	0.16428897	0.17096509	0.1762424	0.17121072	0.19246998	0.1920341	0.19125918	0.17101054	0.17926651	0.17198008	0.18110523	0.18623526	0.22496195	0.17384672	0.1923393	0.17348592	-0	0.20828539	0.20660387	0.16247508	0.18378349	0.17083162	0.16660365	0.17624804	0.18151323	0.1818589	0.19548182	0.22367662	0.16345656	0.19249581	0.12910613	0.20505942	0.19131434	0.16791312	0.20307502	0.19392522	0.17022015	0.20313698	0.17176071	0.16715364	0.1829967	0.16253941	0.16640273	0.19140072	0.16217415	0.17231427	0.16890417	0.18328533	0.17842138	0.17642517	0.19279599	0.17276488	0.17944068	0.18340787	0.18436444	0.17734846	0.18920772	0.18283826	0.16519234	0.17931592	0.17696436	0.18417425	0.19410618	0.17522168	0.35963452	0.21784149	0.22644755	0.24925339	0.2183648	0.22143364	0.21246684	0.22708671	0.21785878	0.249657	0.19576117	0.18246166	0.20730974	0.22014023
BLS7_7.fastq	0.19022146	0.22408141	0.18731497	0.20900139	0.18658575	0.19010793	0.18976386	0.15999399	0.21367057	0.16151349	0.18800342	0.23826094	0.16081168	0.197938	0.1647343	0.18037371	0.1837116	0.19892083	0.2330812	0.19791317	0.20333563	0.18893372	0.1868803	0.1625154	0.19543625	0.20424445	0.17059322	0.18955678	0.17468686	0.18136615	0.20828539	-0	0.1751548	0.17053398	0.23063171	0.18693128	0.17339815	0.18784523	0.20515193	0.15811962	0.21532248	0.17707612	0.17420845	0.20335083	0.1839487	0.16986324	0.21490224	0.19674967	0.2128866	0.22536774	0.17360532	0.22304398	0.20234376	0.19751117	0.20265903	0.18441479	0.23000774	0.23196298	0.20162974	0.19680227	0.18373926	0.17997019	0.19376746	0.1930891	0.22049022	0.21267919	0.19232254	0.21720211	0.21391943	0.20546748	0.20792481	0.21307336	0.20111617	0.21020527	0.17887436	0.1831963	0.21705326	0.20730618	0.31996652	0.19150984	0.18192838	0.20130318	0.19584043	0.22888167	0.2368848	0.24507417	0.22055727	0.2344345	0.21250655	0.23234002	0.27475086	0.29977816
BLS7_m1.fastq	0.20244306	0.13903227	0.16463725	0.22335485	0.18416038	0.20554264	0.1827513	0.17413096	0.21759075	0.16838616	0.19597866	0.20010397	0.16771044	0.19535471	0.16322616	0.16875662	0.21789913	0.19054508	0.2271207	0.20753774	0.18315259	0.18813328	0.19999318	0.18692026	0.21679899	0.17380461	0.16831675	0.18909973	0.18912466	0.1937297	0.20660387	0.1751548	-0	0.1775064	0.1891773	0.17813456	0.18786272	0.18163428	0.16747308	0.16943379	0.2016029	0.15536936	0.17885526	0.175552	0.18318622	0.21352491	0.2182313	0.18187155	0.21740517	0.20727357	0.16094416	0.21536054	0.18703476	0.19721802	0.16786577	0.19104907	0.19269675	0.21339852	0.14216492	0.19223477	0.19277446	0.18486676	0.18175605	0.18056872	0.1860573	0.1987694	0.18946022	0.1986563	0.193576	0.1649444	0.19403854	0.21540551	0.18689571	0.19943511	0.19907388	0.17724554	0.18696532	0.2192214	0.20099209	0.20805812	0.20399088	0.24998759	0.24007668	0.21479055	0.20024037	0.21523207	0.24763373	0.26051337	0.20956269	0.2152374	0.24783544	0.2637694
BLS8_2.fastq	0.15948763	0.17163758	0.1800207	0.17765191	0.18712208	0.18599024	0.1871525	0.21451709	0.19910744	0.17021698	0.19393891	0.17380504	0.18738772	0.17877793	0.14432561	0.17438638	0.18563859	0.1579574	0.1985748	0.20837724	0.17911722	0.18079485	0.18489543	0.17361572	0.18868263	0.17461571	0.18246332	0.18577076	0.17443353	0.16202241	0.16247508	0.17053398	0.1775064	-0	0.1838541	0.17856139	0.14650536	0.1625987	0.15653165	0.1304126	0.19165835	0.18475413	0.15754235	0.19498326	0.1925194	0.17472433	0.18075661	0.13463807	0.19416331	0.19772233	0.15713808	0.17719688	0.16854855	0.16564855	0.18089597	0.16062528	0.17785645	0.18981549	0.1615875	0.18220533	0.17866375	0.1875668	0.1885267	0.18821119	0.18616384	0.18343103	0.18582976	0.18224914	0.1759593	0.16650796	0.1895602	0.18063235	0.17696528	0.17251092	0.17264512	0.1276125	0.17506716	0.17859004	0.25009704	0.21811992	0.2061635	0.25289822	0.24009964	0.2416821	0.22863236	0.24681498	0.23746783	0.2378497	0.20021467	0.20313802	0.23573798	0.23185988
BLS8_7.fastq	0.1748889	0.16838245	0.18160865	0.17486379	0.23207666	0.19516946	0.17584422	0.22749147	0.19115055	0.17681526	0.211642	0.1776064	0.20462534	0.16769174	0.20395985	0.18647844	0.18635507	0.1886853	0.18292879	0.22597715	0.17110239	0.19784589	0.18901762	0.19737232	0.19143367	0.19949137	0.21204491	0.2069399	0.19873075	0.17143005	0.18378349	0.23063171	0.1891773	0.1838541	-0	0.17621757	0.19621399	0.159974	0.19206105	0.19845517	0.19801258	0.1904283	0.17753343	0.1942664	0.19520284	0.20204619	0.18963206	0.17360428	0.17491186	0.18152627	0.180447	0.19631965	0.14777914	0.17439342	0.20881002	0.15884402	0.15021256	0.21570359	0.1594989	0.20018516	0.18263122	0.19150767	0.2008821	0.22668047	0.17813145	0.2053121	0.18478651	0.20007078	0.2018473	0.19162078	0.20091954	0.19665281	0.18815814	0.18113756	0.2048477	0.18521331	0.19868034	0.20406856	0.30076423	0.2271943	0.27034608	0.23617381	0.23840542	0.19495253	0.1991401	0.22511211	0.26115015	0.23717575	0.20179078	0.20964551	0.20895328	0.20267238
BLS8_m1.fastq	0.16859515	0.17294168	0.13686195	0.16876754	0.15081836	0.19687684	0.16278525	0.18995532	0.19305022	0.15667316	0.18007614	0.18882129	0.18629141	0.16648479	0.16711861	0.18646726	0.19470574	0.16770317	0.18712652	0.19054368	0.1652492	0.179209	0.17878428	0.18318957	0.19587243	0.18610914	0.1824017	0.17207456	0.18551509	0.15575832	0.17083162	0.18693128	0.17813456	0.17856139	0.17621757	-0	0.16231549	0.16975807	0.16558091	0.16503839	0.18456776	0.16867498	0.16518961	0.18392545	0.18363419	0.18971471	0.18846785	0.15734152	0.1854248	0.18250637	0.16826369	0.19946067	0.1722917	0.12826942	0.18255444	0.14823939	0.14208758	0.19396555	0.14859621	0.17257534	0.17443609	0.1699879	0.1920208	0.1813598	0.18077716	0.16847949	0.18425877	0.18723252	0.19052783	0.18024349	0.18727578	0.18344402	0.20091662	0.17369136	0.17882562	0.16838492	0.1912779	0.17941873	0.22682908	0.21578452	0.22633064	0.22899312	0.24733657	0.19028501	0.20279332	0.23124306	0.22063792	0.2811403	0.182693	0.19077817	0.2097932	0.2448148
BLS9_2.fastq	0.1615222	0.17917655	0.18823577	0.16636619	0.1838275	0.19289517	0.16958798	0.20313542	0.18224886	0.1705147	0.21839744	0.16669814	0.19790122	0.18032135	0.14145064	0.16774318	0.18387415	0.15198119	0.1903883	0.19381307	0.16949981	0.18018472	0.18876989	0.16091195	0.18738517	0.18572856	0.19341762	0.1784006	0.1768903	0.15475568	0.16660365	0.17339815	0.18786272	0.14650536	0.19621399	0.16231549	-0	0.1580714	0.17413053	0.14155336	0.204767	0.17453617	0.143442	0.18343188	0.18038116	0.17171988	0.18768588	0.15594967	0.18437143	0.19889341	0.14004992	0.18691994	0.16745539	0.15992819	0.17759627	0.14391781	0.16751349	0.17046466	0.15911776	0.17326036	0.17581835	0.16708632	0.18990208	0.20154035	0.18330444	0.1719955	0.19513166	0.18393578	0.1712115	0.17246452	0.19056977	0.18275158	0.18196721	0.17658937	0.17864354	0.14667208	0.19181779	0.17020631	0.25362638	0.19774392	0.21710306	0.23350774	0.21994118	0.21916479	0.22714375	0.23299684	0.21700834	0.2418272	0.21254142	0.19663024	0.21297349	0.25730336
BLS9_7.fastq	0.16630514	0.15729494	0.1881542	0.16793579	0.16795236	0.17796326	0.18100633	0.19820471	0.19087699	0.19234079	0.19973238	0.16420566	0.193755	0.18232764	0.16849919	0.17344925	0.18710022	0.16004534	0.2036523	0.20079815	0.16624092	0.20708098	0.19557275	0.18402399	0.18411851	0.17449036	0.18233284	0.17629823	0.1796311	0.14054094	0.17624804	0.18784523	0.18163428	0.1625987	0.159974	0.16975807	0.1580714	-0	0.17881876	0.16749525	0.20093267	0.17270575	0.14844513	0.16914497	0.17714736	0.18564646	0.19738975	0.15273605	0.20257083	0.18997194	0.16142884	0.206269	0.16097264	0.1645281	0.18557693	0.1464131	0.16988324	0.18422545	0.16747428	0.1801717	0.18129894	0.18277067	0.20173435	0.16743873	0.19052114	0.18408592	0.19442582	0.18966256	0.1754584	0.20592394	0.20098138	0.1941436	0.190313	0.17413117	0.18631643	0.15373996	0.18298975	0.18275876	0.25186542	0.21247101	0.23001373	0.23779464	0.22052418	0.19911203	0.20708156	0.23423961	0.2731522	0.24785005	0.20497213	0.20853709	0.22461496	0.23960458
